Topic: Analysis of the asymptotic similarity between different initial lexica.

--- Litteral listener: ---
[[0.223 0.221 0.158 0.17  0.229]
 [0.408 0.391 0.128 0.011 0.063]
 [0.414 0.023 0.129 0.372 0.062]
 [0.184 0.255 0.213 0.221 0.127]
 [0.288 0.177 0.233 0.073 0.23 ]]

--- Pragmatic speaker 1: ---
[[0.001 0.003 0.014 0.    0.492]
 [0.453 0.983 0.002 0.    0.   ]
 [0.532 0.    0.002 0.994 0.   ]
 [0.    0.014 0.288 0.006 0.001]
 [0.014 0.    0.695 0.    0.506]]

--- Pragmatic listener 1: ---
[[0.002 0.006 0.028 0.001 0.963]
 [0.315 0.684 0.001 0.    0.   ]
 [0.348 0.    0.001 0.651 0.   ]
 [0.001 0.044 0.933 0.018 0.004]
 [0.011 0.    0.572 0.    0.417]]

--- Pragmatic speaker 2: ---
[[0.    0.    0.    0.    1.   ]
 [0.27  1.    0.    0.    0.   ]
 [0.73  0.    0.    1.    0.   ]
 [0.    0.    0.993 0.    0.   ]
 [0.    0.    0.007 0.    0.   ]]

--- Pragmatic listener 2: ---
[[0.    0.    0.    0.    1.   ]
 [0.213 0.787 0.    0.    0.   ]
 [0.422 0.    0.    0.578 0.   ]
 [0.    0.    1.    0.    0.   ]
 [0.    0.    0.97  0.    0.03 ]]

--- Pragmatic speaker 3: ---
[[0.    0.    0.    0.    1.   ]
 [0.001 1.    0.    0.    0.   ]
 [0.999 0.    0.    1.    0.   ]
 [0.    0.    0.575 0.    0.   ]
 [0.    0.    0.425 0.    0.   ]]

--- Pragmatic listener 3: ---
[[0.    0.    0.    0.    1.   ]
 [0.001 0.999 0.    0.    0.   ]
 [0.5   0.    0.    0.5   0.   ]
 [0.    0.    1.    0.    0.   ]
 [0.    0.    1.    0.    0.   ]]

--- Pragmatic speaker 4: ---
[[0.  0.  0.  0.  1. ]
 [0.  1.  0.  0.  0. ]
 [1.  0.  0.  1.  0. ]
 [0.  0.  0.5 0.  0. ]
 [0.  0.  0.5 0.  0. ]]

--- Pragmatic listener 4: ---
[[0.  0.  0.  0.  1. ]
 [0.  1.  0.  0.  0. ]
 [0.5 0.  0.  0.5 0. ]
 [0.  0.  1.  0.  0. ]
 [0.  0.  1.  0.  0. ]]

--- Pragmatic speaker 5: ---
[[0.  0.  0.  0.  1. ]
 [0.  1.  0.  0.  0. ]
 [1.  0.  0.  1.  0. ]
 [0.  0.  0.5 0.  0. ]
 [0.  0.  0.5 0.  0. ]]

--- Pragmatic listener 5: ---
[[0.  0.  0.  0.  1. ]
 [0.  1.  0.  0.  0. ]
 [0.5 0.  0.  0.5 0. ]
 [0.  0.  1.  0.  0. ]
 [0.  0.  1.  0.  0. ]]

--- Pragmatic speaker 6: ---
[[0.  0.  0.  0.  1. ]
 [0.  1.  0.  0.  0. ]
 [1.  0.  0.  1.  0. ]
 [0.  0.  0.5 0.  0. ]
 [0.  0.  0.5 0.  0. ]]

--- Pragmatic listener 6: ---
[[0.  0.  0.  0.  1. ]
 [0.  1.  0.  0.  0. ]
 [0.5 0.  0.  0.5 0. ]
 [0.  0.  1.  0.  0. ]
 [0.  0.  1.  0.  0. ]]

--- Pragmatic speaker 7: ---
[[0.  0.  0.  0.  1. ]
 [0.  1.  0.  0.  0. ]
 [1.  0.  0.  1.  0. ]
 [0.  0.  0.5 0.  0. ]
 [0.  0.  0.5 0.  0. ]]

--- Pragmatic listener 7: ---
[[0.  0.  0.  0.  1. ]
 [0.  1.  0.  0.  0. ]
 [0.5 0.  0.  0.5 0. ]
 [0.  0.  1.  0.  0. ]
 [0.  0.  1.  0.  0. ]]

--- Pragmatic speaker 8: ---
[[0.  0.  0.  0.  1. ]
 [0.  1.  0.  0.  0. ]
 [1.  0.  0.  1.  0. ]
 [0.  0.  0.5 0.  0. ]
 [0.  0.  0.5 0.  0. ]]

--- Pragmatic listener 8: ---
[[0.  0.  0.  0.  1. ]
 [0.  1.  0.  0.  0. ]
 [0.5 0.  0.  0.5 0. ]
 [0.  0.  1.  0.  0. ]
 [0.  0.  1.  0.  0. ]]

--- Pragmatic speaker 9: ---
[[0.  0.  0.  0.  1. ]
 [0.  1.  0.  0.  0. ]
 [1.  0.  0.  1.  0. ]
 [0.  0.  0.5 0.  0. ]
 [0.  0.  0.5 0.  0. ]]

--- Pragmatic listener 9: ---
[[0.  0.  0.  0.  1. ]
 [0.  1.  0.  0.  0. ]
 [0.5 0.  0.  0.5 0. ]
 [0.  0.  1.  0.  0. ]
 [0.  0.  1.  0.  0. ]]

--- Pragmatic speaker 10: ---
[[0.  0.  0.  0.  1. ]
 [0.  1.  0.  0.  0. ]
 [1.  0.  0.  1.  0. ]
 [0.  0.  0.5 0.  0. ]
 [0.  0.  0.5 0.  0. ]]

--- Pragmatic listener 10: ---
[[0.  0.  0.  0.  1. ]
 [0.  1.  0.  0.  0. ]
 [0.5 0.  0.  0.5 0. ]
 [0.  0.  1.  0.  0. ]
 [0.  0.  1.  0.  0. ]]

--- Pragmatic speaker 11: ---
[[0.  0.  0.  0.  1. ]
 [0.  1.  0.  0.  0. ]
 [1.  0.  0.  1.  0. ]
 [0.  0.  0.5 0.  0. ]
 [0.  0.  0.5 0.  0. ]]

--- Pragmatic listener 11: ---
[[0.  0.  0.  0.  1. ]
 [0.  1.  0.  0.  0. ]
 [0.5 0.  0.  0.5 0. ]
 [0.  0.  1.  0.  0. ]
 [0.  0.  1.  0.  0. ]]

--- Pragmatic speaker 12: ---
[[0.  0.  0.  0.  1. ]
 [0.  1.  0.  0.  0. ]
 [1.  0.  0.  1.  0. ]
 [0.  0.  0.5 0.  0. ]
 [0.  0.  0.5 0.  0. ]]

--- Pragmatic listener 12: ---
[[0.  0.  0.  0.  1. ]
 [0.  1.  0.  0.  0. ]
 [0.5 0.  0.  0.5 0. ]
 [0.  0.  1.  0.  0. ]
 [0.  0.  1.  0.  0. ]]

--- Pragmatic speaker 13: ---
[[0.  0.  0.  0.  1. ]
 [0.  1.  0.  0.  0. ]
 [1.  0.  0.  1.  0. ]
 [0.  0.  0.5 0.  0. ]
 [0.  0.  0.5 0.  0. ]]

--- Pragmatic listener 13: ---
[[0.  0.  0.  0.  1. ]
 [0.  1.  0.  0.  0. ]
 [0.5 0.  0.  0.5 0. ]
 [0.  0.  1.  0.  0. ]
 [0.  0.  1.  0.  0. ]]

--- Pragmatic speaker 14: ---
[[0.  0.  0.  0.  1. ]
 [0.  1.  0.  0.  0. ]
 [1.  0.  0.  1.  0. ]
 [0.  0.  0.5 0.  0. ]
 [0.  0.  0.5 0.  0. ]]

--- Pragmatic listener 14: ---
[[0.  0.  0.  0.  1. ]
 [0.  1.  0.  0.  0. ]
 [0.5 0.  0.  0.5 0. ]
 [0.  0.  1.  0.  0. ]
 [0.  0.  1.  0.  0. ]]

--- Pragmatic speaker 15: ---
[[0.  0.  0.  0.  1. ]
 [0.  1.  0.  0.  0. ]
 [1.  0.  0.  1.  0. ]
 [0.  0.  0.5 0.  0. ]
 [0.  0.  0.5 0.  0. ]]

--- Pragmatic listener 15: ---
[[0.  0.  0.  0.  1. ]
 [0.  1.  0.  0.  0. ]
 [0.5 0.  0.  0.5 0. ]
 [0.  0.  1.  0.  0. ]
 [0.  0.  1.  0.  0. ]]

