Topic: Analysis of the asymptotic similarity between different initial lexica.

--- Litteral listener: ---
[[0.214 0.071 0.    0.643 0.071]
 [0.211 0.053 0.474 0.211 0.053]
 [0.114 0.091 0.205 0.364 0.227]
 [0.154 0.385 0.154 0.231 0.077]
 [0.154 0.038 0.115 0.346 0.346]]

--- Pragmatic speaker 1: ---
[[0.2  0.2  0.   0.2  0.2 ]
 [0.2  0.2  0.25 0.2  0.2 ]
 [0.2  0.2  0.25 0.2  0.2 ]
 [0.2  0.2  0.25 0.2  0.2 ]
 [0.2  0.2  0.25 0.2  0.2 ]]

--- Pragmatic listener 1: ---
[[0.25  0.25  0.    0.25  0.25 ]
 [0.191 0.19  0.238 0.19  0.19 ]
 [0.19  0.19  0.238 0.19  0.191]
 [0.19  0.191 0.238 0.19  0.19 ]
 [0.19  0.19  0.238 0.191 0.191]]

--- Pragmatic speaker 2: ---
[[0.2  0.2  0.   0.2  0.2 ]
 [0.2  0.2  0.25 0.2  0.2 ]
 [0.2  0.2  0.25 0.2  0.2 ]
 [0.2  0.2  0.25 0.2  0.2 ]
 [0.2  0.2  0.25 0.2  0.2 ]]

--- Pragmatic listener 2: ---
[[0.25  0.25  0.    0.25  0.25 ]
 [0.19  0.19  0.238 0.19  0.19 ]
 [0.19  0.19  0.238 0.19  0.19 ]
 [0.19  0.19  0.238 0.19  0.19 ]
 [0.19  0.19  0.238 0.19  0.19 ]]

--- Pragmatic speaker 3: ---
[[0.2  0.2  0.   0.2  0.2 ]
 [0.2  0.2  0.25 0.2  0.2 ]
 [0.2  0.2  0.25 0.2  0.2 ]
 [0.2  0.2  0.25 0.2  0.2 ]
 [0.2  0.2  0.25 0.2  0.2 ]]

--- Pragmatic listener 3: ---
[[0.25  0.25  0.    0.25  0.25 ]
 [0.19  0.19  0.238 0.19  0.19 ]
 [0.19  0.19  0.238 0.19  0.19 ]
 [0.19  0.19  0.238 0.19  0.19 ]
 [0.19  0.19  0.238 0.19  0.19 ]]

--- Pragmatic speaker 4: ---
[[0.2  0.2  0.   0.2  0.2 ]
 [0.2  0.2  0.25 0.2  0.2 ]
 [0.2  0.2  0.25 0.2  0.2 ]
 [0.2  0.2  0.25 0.2  0.2 ]
 [0.2  0.2  0.25 0.2  0.2 ]]

--- Pragmatic listener 4: ---
[[0.25  0.25  0.    0.25  0.25 ]
 [0.19  0.19  0.238 0.19  0.19 ]
 [0.19  0.19  0.238 0.19  0.19 ]
 [0.19  0.19  0.238 0.19  0.19 ]
 [0.19  0.19  0.238 0.19  0.19 ]]

--- Pragmatic speaker 5: ---
[[0.2  0.2  0.   0.2  0.2 ]
 [0.2  0.2  0.25 0.2  0.2 ]
 [0.2  0.2  0.25 0.2  0.2 ]
 [0.2  0.2  0.25 0.2  0.2 ]
 [0.2  0.2  0.25 0.2  0.2 ]]

--- Pragmatic listener 5: ---
[[0.25  0.25  0.    0.25  0.25 ]
 [0.19  0.19  0.238 0.19  0.19 ]
 [0.19  0.19  0.238 0.19  0.19 ]
 [0.19  0.19  0.238 0.19  0.19 ]
 [0.19  0.19  0.238 0.19  0.19 ]]

--- Pragmatic speaker 6: ---
[[0.2  0.2  0.   0.2  0.2 ]
 [0.2  0.2  0.25 0.2  0.2 ]
 [0.2  0.2  0.25 0.2  0.2 ]
 [0.2  0.2  0.25 0.2  0.2 ]
 [0.2  0.2  0.25 0.2  0.2 ]]

--- Pragmatic listener 6: ---
[[0.25  0.25  0.    0.25  0.25 ]
 [0.19  0.19  0.238 0.19  0.19 ]
 [0.19  0.19  0.238 0.19  0.19 ]
 [0.19  0.19  0.238 0.19  0.19 ]
 [0.19  0.19  0.238 0.19  0.19 ]]

--- Pragmatic speaker 7: ---
[[0.2  0.2  0.   0.2  0.2 ]
 [0.2  0.2  0.25 0.2  0.2 ]
 [0.2  0.2  0.25 0.2  0.2 ]
 [0.2  0.2  0.25 0.2  0.2 ]
 [0.2  0.2  0.25 0.2  0.2 ]]

--- Pragmatic listener 7: ---
[[0.25  0.25  0.    0.25  0.25 ]
 [0.19  0.19  0.238 0.19  0.19 ]
 [0.19  0.19  0.238 0.19  0.19 ]
 [0.19  0.19  0.238 0.19  0.19 ]
 [0.19  0.19  0.238 0.19  0.19 ]]

--- Pragmatic speaker 8: ---
[[0.2  0.2  0.   0.2  0.2 ]
 [0.2  0.2  0.25 0.2  0.2 ]
 [0.2  0.2  0.25 0.2  0.2 ]
 [0.2  0.2  0.25 0.2  0.2 ]
 [0.2  0.2  0.25 0.2  0.2 ]]

--- Pragmatic listener 8: ---
[[0.25  0.25  0.    0.25  0.25 ]
 [0.19  0.19  0.238 0.19  0.19 ]
 [0.19  0.19  0.238 0.19  0.19 ]
 [0.19  0.19  0.238 0.19  0.19 ]
 [0.19  0.19  0.238 0.19  0.19 ]]

--- Pragmatic speaker 9: ---
[[0.2  0.2  0.   0.2  0.2 ]
 [0.2  0.2  0.25 0.2  0.2 ]
 [0.2  0.2  0.25 0.2  0.2 ]
 [0.2  0.2  0.25 0.2  0.2 ]
 [0.2  0.2  0.25 0.2  0.2 ]]

--- Pragmatic listener 9: ---
[[0.25  0.25  0.    0.25  0.25 ]
 [0.19  0.19  0.238 0.19  0.19 ]
 [0.19  0.19  0.238 0.19  0.19 ]
 [0.19  0.19  0.238 0.19  0.19 ]
 [0.19  0.19  0.238 0.19  0.19 ]]

--- Pragmatic speaker 10: ---
[[0.2  0.2  0.   0.2  0.2 ]
 [0.2  0.2  0.25 0.2  0.2 ]
 [0.2  0.2  0.25 0.2  0.2 ]
 [0.2  0.2  0.25 0.2  0.2 ]
 [0.2  0.2  0.25 0.2  0.2 ]]

--- Pragmatic listener 10: ---
[[0.25  0.25  0.    0.25  0.25 ]
 [0.19  0.19  0.238 0.19  0.19 ]
 [0.19  0.19  0.238 0.19  0.19 ]
 [0.19  0.19  0.238 0.19  0.19 ]
 [0.19  0.19  0.238 0.19  0.19 ]]

--- Pragmatic speaker 11: ---
[[0.2  0.2  0.   0.2  0.2 ]
 [0.2  0.2  0.25 0.2  0.2 ]
 [0.2  0.2  0.25 0.2  0.2 ]
 [0.2  0.2  0.25 0.2  0.2 ]
 [0.2  0.2  0.25 0.2  0.2 ]]

--- Pragmatic listener 11: ---
[[0.25  0.25  0.    0.25  0.25 ]
 [0.19  0.19  0.238 0.19  0.19 ]
 [0.19  0.19  0.238 0.19  0.19 ]
 [0.19  0.19  0.238 0.19  0.19 ]
 [0.19  0.19  0.238 0.19  0.19 ]]

--- Pragmatic speaker 12: ---
[[0.2  0.2  0.   0.2  0.2 ]
 [0.2  0.2  0.25 0.2  0.2 ]
 [0.2  0.2  0.25 0.2  0.2 ]
 [0.2  0.2  0.25 0.2  0.2 ]
 [0.2  0.2  0.25 0.2  0.2 ]]

--- Pragmatic listener 12: ---
[[0.25  0.25  0.    0.25  0.25 ]
 [0.19  0.19  0.238 0.19  0.19 ]
 [0.19  0.19  0.238 0.19  0.19 ]
 [0.19  0.19  0.238 0.19  0.19 ]
 [0.19  0.19  0.238 0.19  0.19 ]]

--- Pragmatic speaker 13: ---
[[0.2  0.2  0.   0.2  0.2 ]
 [0.2  0.2  0.25 0.2  0.2 ]
 [0.2  0.2  0.25 0.2  0.2 ]
 [0.2  0.2  0.25 0.2  0.2 ]
 [0.2  0.2  0.25 0.2  0.2 ]]

--- Pragmatic listener 13: ---
[[0.25  0.25  0.    0.25  0.25 ]
 [0.19  0.19  0.238 0.19  0.19 ]
 [0.19  0.19  0.238 0.19  0.19 ]
 [0.19  0.19  0.238 0.19  0.19 ]
 [0.19  0.19  0.238 0.19  0.19 ]]

--- Pragmatic speaker 14: ---
[[0.2  0.2  0.   0.2  0.2 ]
 [0.2  0.2  0.25 0.2  0.2 ]
 [0.2  0.2  0.25 0.2  0.2 ]
 [0.2  0.2  0.25 0.2  0.2 ]
 [0.2  0.2  0.25 0.2  0.2 ]]

--- Pragmatic listener 14: ---
[[0.25  0.25  0.    0.25  0.25 ]
 [0.19  0.19  0.238 0.19  0.19 ]
 [0.19  0.19  0.238 0.19  0.19 ]
 [0.19  0.19  0.238 0.19  0.19 ]
 [0.19  0.19  0.238 0.19  0.19 ]]

--- Pragmatic speaker 15: ---
[[0.2  0.2  0.   0.2  0.2 ]
 [0.2  0.2  0.25 0.2  0.2 ]
 [0.2  0.2  0.25 0.2  0.2 ]
 [0.2  0.2  0.25 0.2  0.2 ]
 [0.2  0.2  0.25 0.2  0.2 ]]

--- Pragmatic listener 15: ---
[[0.25  0.25  0.    0.25  0.25 ]
 [0.19  0.19  0.238 0.19  0.19 ]
 [0.19  0.19  0.238 0.19  0.19 ]
 [0.19  0.19  0.238 0.19  0.19 ]
 [0.19  0.19  0.238 0.19  0.19 ]]

