Topic: Analysis of the asymptotic behavior of the RSA model with structural zeros

--- Litteral listener: ---
[[0.333 0.333 0.    0.    0.333]
 [0.5   0.5   0.    0.    0.   ]
 [0.25  0.    0.25  0.25  0.25 ]
 [0.333 0.    0.    0.333 0.333]
 [0.333 0.333 0.    0.    0.333]]

--- Pragmatic speaker 1: ---
[[0.    0.    0.    0.    0.333]
 [0.999 0.999 0.    0.    0.   ]
 [0.    0.    1.    0.003 0.001]
 [0.    0.    0.    0.997 0.333]
 [0.    0.    0.    0.    0.333]]

--- Pragmatic listener 1: ---
[[0.001 0.001 0.    0.    0.998]
 [0.5   0.5   0.    0.    0.   ]
 [0.    0.    0.996 0.003 0.001]
 [0.    0.    0.    0.749 0.25 ]
 [0.001 0.001 0.    0.    0.998]]

--- Pragmatic speaker 2: ---
[[0.  0.  0.  0.  0.5]
 [1.  1.  0.  0.  0. ]
 [0.  0.  1.  0.  0. ]
 [0.  0.  0.  1.  0. ]
 [0.  0.  0.  0.  0.5]]

--- Pragmatic listener 2: ---
[[0.  0.  0.  0.  1. ]
 [0.5 0.5 0.  0.  0. ]
 [0.  0.  1.  0.  0. ]
 [0.  0.  0.  1.  0. ]
 [0.  0.  0.  0.  1. ]]

--- Pragmatic speaker 3: ---
[[0.  0.  0.  0.  0.5]
 [1.  1.  0.  0.  0. ]
 [0.  0.  1.  0.  0. ]
 [0.  0.  0.  1.  0. ]
 [0.  0.  0.  0.  0.5]]

--- Pragmatic listener 3: ---
[[0.  0.  0.  0.  1. ]
 [0.5 0.5 0.  0.  0. ]
 [0.  0.  1.  0.  0. ]
 [0.  0.  0.  1.  0. ]
 [0.  0.  0.  0.  1. ]]

--- Pragmatic speaker 4: ---
[[0.  0.  0.  0.  0.5]
 [1.  1.  0.  0.  0. ]
 [0.  0.  1.  0.  0. ]
 [0.  0.  0.  1.  0. ]
 [0.  0.  0.  0.  0.5]]

--- Pragmatic listener 4: ---
[[0.  0.  0.  0.  1. ]
 [0.5 0.5 0.  0.  0. ]
 [0.  0.  1.  0.  0. ]
 [0.  0.  0.  1.  0. ]
 [0.  0.  0.  0.  1. ]]

--- Pragmatic speaker 5: ---
[[0.  0.  0.  0.  0.5]
 [1.  1.  0.  0.  0. ]
 [0.  0.  1.  0.  0. ]
 [0.  0.  0.  1.  0. ]
 [0.  0.  0.  0.  0.5]]

--- Pragmatic listener 5: ---
[[0.  0.  0.  0.  1. ]
 [0.5 0.5 0.  0.  0. ]
 [0.  0.  1.  0.  0. ]
 [0.  0.  0.  1.  0. ]
 [0.  0.  0.  0.  1. ]]

--- Pragmatic speaker 6: ---
[[0.  0.  0.  0.  0.5]
 [1.  1.  0.  0.  0. ]
 [0.  0.  1.  0.  0. ]
 [0.  0.  0.  1.  0. ]
 [0.  0.  0.  0.  0.5]]

--- Pragmatic listener 6: ---
[[0.  0.  0.  0.  1. ]
 [0.5 0.5 0.  0.  0. ]
 [0.  0.  1.  0.  0. ]
 [0.  0.  0.  1.  0. ]
 [0.  0.  0.  0.  1. ]]

--- Pragmatic speaker 7: ---
[[0.  0.  0.  0.  0.5]
 [1.  1.  0.  0.  0. ]
 [0.  0.  1.  0.  0. ]
 [0.  0.  0.  1.  0. ]
 [0.  0.  0.  0.  0.5]]

--- Pragmatic listener 7: ---
[[0.  0.  0.  0.  1. ]
 [0.5 0.5 0.  0.  0. ]
 [0.  0.  1.  0.  0. ]
 [0.  0.  0.  1.  0. ]
 [0.  0.  0.  0.  1. ]]

--- Pragmatic speaker 8: ---
[[0.  0.  0.  0.  0.5]
 [1.  1.  0.  0.  0. ]
 [0.  0.  1.  0.  0. ]
 [0.  0.  0.  1.  0. ]
 [0.  0.  0.  0.  0.5]]

--- Pragmatic listener 8: ---
[[0.  0.  0.  0.  1. ]
 [0.5 0.5 0.  0.  0. ]
 [0.  0.  1.  0.  0. ]
 [0.  0.  0.  1.  0. ]
 [0.  0.  0.  0.  1. ]]

--- Pragmatic speaker 9: ---
[[0.  0.  0.  0.  0.5]
 [1.  1.  0.  0.  0. ]
 [0.  0.  1.  0.  0. ]
 [0.  0.  0.  1.  0. ]
 [0.  0.  0.  0.  0.5]]

--- Pragmatic listener 9: ---
[[0.  0.  0.  0.  1. ]
 [0.5 0.5 0.  0.  0. ]
 [0.  0.  1.  0.  0. ]
 [0.  0.  0.  1.  0. ]
 [0.  0.  0.  0.  1. ]]

--- Pragmatic speaker 10: ---
[[0.  0.  0.  0.  0.5]
 [1.  1.  0.  0.  0. ]
 [0.  0.  1.  0.  0. ]
 [0.  0.  0.  1.  0. ]
 [0.  0.  0.  0.  0.5]]

--- Pragmatic listener 10: ---
[[0.  0.  0.  0.  1. ]
 [0.5 0.5 0.  0.  0. ]
 [0.  0.  1.  0.  0. ]
 [0.  0.  0.  1.  0. ]
 [0.  0.  0.  0.  1. ]]

--- Pragmatic speaker 11: ---
[[0.  0.  0.  0.  0.5]
 [1.  1.  0.  0.  0. ]
 [0.  0.  1.  0.  0. ]
 [0.  0.  0.  1.  0. ]
 [0.  0.  0.  0.  0.5]]

--- Pragmatic listener 11: ---
[[0.  0.  0.  0.  1. ]
 [0.5 0.5 0.  0.  0. ]
 [0.  0.  1.  0.  0. ]
 [0.  0.  0.  1.  0. ]
 [0.  0.  0.  0.  1. ]]

--- Pragmatic speaker 12: ---
[[0.  0.  0.  0.  0.5]
 [1.  1.  0.  0.  0. ]
 [0.  0.  1.  0.  0. ]
 [0.  0.  0.  1.  0. ]
 [0.  0.  0.  0.  0.5]]

--- Pragmatic listener 12: ---
[[0.  0.  0.  0.  1. ]
 [0.5 0.5 0.  0.  0. ]
 [0.  0.  1.  0.  0. ]
 [0.  0.  0.  1.  0. ]
 [0.  0.  0.  0.  1. ]]

--- Pragmatic speaker 13: ---
[[0.  0.  0.  0.  0.5]
 [1.  1.  0.  0.  0. ]
 [0.  0.  1.  0.  0. ]
 [0.  0.  0.  1.  0. ]
 [0.  0.  0.  0.  0.5]]

--- Pragmatic listener 13: ---
[[0.  0.  0.  0.  1. ]
 [0.5 0.5 0.  0.  0. ]
 [0.  0.  1.  0.  0. ]
 [0.  0.  0.  1.  0. ]
 [0.  0.  0.  0.  1. ]]

--- Pragmatic speaker 14: ---
[[0.  0.  0.  0.  0.5]
 [1.  1.  0.  0.  0. ]
 [0.  0.  1.  0.  0. ]
 [0.  0.  0.  1.  0. ]
 [0.  0.  0.  0.  0.5]]

--- Pragmatic listener 14: ---
[[0.  0.  0.  0.  1. ]
 [0.5 0.5 0.  0.  0. ]
 [0.  0.  1.  0.  0. ]
 [0.  0.  0.  1.  0. ]
 [0.  0.  0.  0.  1. ]]

--- Pragmatic speaker 15: ---
[[0.  0.  0.  0.  0.5]
 [1.  1.  0.  0.  0. ]
 [0.  0.  1.  0.  0. ]
 [0.  0.  0.  1.  0. ]
 [0.  0.  0.  0.  0.5]]

--- Pragmatic listener 15: ---
[[0.  0.  0.  0.  1. ]
 [0.5 0.5 0.  0.  0. ]
 [0.  0.  1.  0.  0. ]
 [0.  0.  0.  1.  0. ]
 [0.  0.  0.  0.  1. ]]

