RSA model with lexical uncertainty
Topic: Deriving M-implicature with lexical uncertainty RSA

--- Litteral listener: ---
[[[0.667 0.333]
  [0.667 0.333]
  [1.    0.   ]]

 [[0.667 0.333]
  [0.667 0.333]
  [1.    0.   ]]

 [[0.667 0.333]
  [0.667 0.333]
  [1.    0.   ]]

 [[0.667 0.333]
  [0.    1.   ]
  [1.    0.   ]]

 [[0.667 0.333]
  [0.    1.   ]
  [1.    0.   ]]

 [[0.667 0.333]
  [0.    1.   ]
  [1.    0.   ]]

 [[0.667 0.333]
  [1.    0.   ]
  [1.    0.   ]]

 [[0.667 0.333]
  [1.    0.   ]
  [1.    0.   ]]

 [[0.667 0.333]
  [1.    0.   ]
  [1.    0.   ]]

 [[0.    1.   ]
  [0.667 0.333]
  [1.    0.   ]]

 [[0.    1.   ]
  [0.667 0.333]
  [1.    0.   ]]

 [[0.    1.   ]
  [0.667 0.333]
  [1.    0.   ]]

 [[0.    1.   ]
  [0.    1.   ]
  [1.    0.   ]]

 [[0.    1.   ]
  [0.    1.   ]
  [1.    0.   ]]

 [[0.    1.   ]
  [0.    1.   ]
  [1.    0.   ]]

 [[0.    1.   ]
  [1.    0.   ]
  [1.    0.   ]]

 [[0.    1.   ]
  [1.    0.   ]
  [1.    0.   ]]

 [[0.    1.   ]
  [1.    0.   ]
  [1.    0.   ]]

 [[1.    0.   ]
  [0.667 0.333]
  [1.    0.   ]]

 [[1.    0.   ]
  [0.667 0.333]
  [1.    0.   ]]

 [[1.    0.   ]
  [0.667 0.333]
  [1.    0.   ]]

 [[1.    0.   ]
  [0.    1.   ]
  [1.    0.   ]]

 [[1.    0.   ]
  [0.    1.   ]
  [1.    0.   ]]

 [[1.    0.   ]
  [0.    1.   ]
  [1.    0.   ]]

 [[1.    0.   ]
  [1.    0.   ]
  [1.    0.   ]]

 [[1.    0.   ]
  [1.    0.   ]
  [1.    0.   ]]

 [[1.    0.   ]
  [1.    0.   ]
  [1.    0.   ]]]

--- Pragmatic speaker 1: ---
[[[0.    0.   ]
  [0.004 1.   ]
  [0.996 0.   ]]

 [[0.    0.   ]
  [0.004 1.   ]
  [0.996 0.   ]]

 [[0.    0.   ]
  [0.004 1.   ]
  [0.996 0.   ]]

 [[0.    0.   ]
  [0.    1.   ]
  [1.    0.   ]]

 [[0.    0.   ]
  [0.    1.   ]
  [1.    0.   ]]

 [[0.    0.   ]
  [0.    1.   ]
  [1.    0.   ]]

 [[0.    1.   ]
  [0.018 0.   ]
  [0.982 0.   ]]

 [[0.    1.   ]
  [0.018 0.   ]
  [0.982 0.   ]]

 [[0.    1.   ]
  [0.018 0.   ]
  [0.982 0.   ]]

 [[0.    0.   ]
  [0.004 1.   ]
  [0.996 0.   ]]

 [[0.    0.   ]
  [0.004 1.   ]
  [0.996 0.   ]]

 [[0.    0.   ]
  [0.004 1.   ]
  [0.996 0.   ]]

 [[0.    0.   ]
  [0.    1.   ]
  [1.    0.   ]]

 [[0.    0.   ]
  [0.    1.   ]
  [1.    0.   ]]

 [[0.    0.   ]
  [0.    1.   ]
  [1.    0.   ]]

 [[0.    1.   ]
  [0.018 0.   ]
  [0.982 0.   ]]

 [[0.    1.   ]
  [0.018 0.   ]
  [0.982 0.   ]]

 [[0.    1.   ]
  [0.018 0.   ]
  [0.982 0.   ]]

 [[0.    0.   ]
  [0.004 1.   ]
  [0.996 0.   ]]

 [[0.    0.   ]
  [0.004 1.   ]
  [0.996 0.   ]]

 [[0.    0.   ]
  [0.004 1.   ]
  [0.996 0.   ]]

 [[0.    0.   ]
  [0.    1.   ]
  [1.    0.   ]]

 [[0.    0.   ]
  [0.    1.   ]
  [1.    0.   ]]

 [[0.    0.   ]
  [0.    1.   ]
  [1.    0.   ]]

 [[0.    0.   ]
  [0.018 0.   ]
  [0.982 0.   ]]

 [[0.    0.   ]
  [0.018 0.   ]
  [0.982 0.   ]]

 [[0.    0.   ]
  [0.018 0.   ]
  [0.982 0.   ]]]

--- Pragmatic listener 1: ---
[[0.    1.   ]
 [0.021 0.979]
 [1.    0.   ]]

--- Pragmatic speaker 2: ---
[[0. 0.]
 [0. 1.]
 [1. 0.]]

--- Pragmatic listener 2: ---
[[0. 1.]
 [0. 1.]
 [1. 0.]]

--- Pragmatic speaker 3: ---
[[0. 0.]
 [0. 1.]
 [1. 0.]]

--- Pragmatic listener 3: ---
[[0. 1.]
 [0. 1.]
 [1. 0.]]

--- Pragmatic speaker 4: ---
[[0. 0.]
 [0. 1.]
 [1. 0.]]

--- Pragmatic listener 4: ---
[[0. 1.]
 [0. 1.]
 [1. 0.]]

--- Pragmatic speaker 5: ---
[[0. 0.]
 [0. 1.]
 [1. 0.]]

--- Pragmatic listener 5: ---
[[0. 1.]
 [0. 1.]
 [1. 0.]]

--- Pragmatic speaker 6: ---
[[0. 0.]
 [0. 1.]
 [1. 0.]]

--- Pragmatic listener 6: ---
[[0. 1.]
 [0. 1.]
 [1. 0.]]

--- Pragmatic speaker 7: ---
[[0. 0.]
 [0. 1.]
 [1. 0.]]

--- Pragmatic listener 7: ---
[[0. 1.]
 [0. 1.]
 [1. 0.]]

--- Pragmatic speaker 8: ---
[[0. 0.]
 [0. 1.]
 [1. 0.]]

--- Pragmatic listener 8: ---
[[0. 1.]
 [0. 1.]
 [1. 0.]]

--- Pragmatic speaker 9: ---
[[0. 0.]
 [0. 1.]
 [1. 0.]]

--- Pragmatic listener 9: ---
[[0. 1.]
 [0. 1.]
 [1. 0.]]

--- Pragmatic speaker 10: ---
[[0. 0.]
 [0. 1.]
 [1. 0.]]

--- Pragmatic listener 10: ---
[[0. 1.]
 [0. 1.]
 [1. 0.]]

