Topic: Influence of priors on classic RSA: cookies

--- Litteral listener: ---
[[1.   0.   0.   0.   0.  ]
 [0.   0.05 0.05 0.05 0.84]
 [0.   0.   0.   0.   1.  ]]

--- Pragmatic speaker 1: ---
[[1.   0.   0.   0.   0.  ]
 [0.   1.   1.   1.   0.46]
 [0.   0.   0.   0.   0.54]]

--- Pragmatic listener 1: ---
[[1.   0.   0.   0.   0.  ]
 [0.   0.1  0.1  0.1  0.71]
 [0.   0.   0.   0.   1.  ]]

--- Pragmatic speaker 2: ---
[[1.   0.   0.   0.   0.  ]
 [0.   1.   1.   1.   0.41]
 [0.   0.   0.   0.   0.59]]

--- Pragmatic listener 2: ---
[[1.   0.   0.   0.   0.  ]
 [0.   0.1  0.1  0.1  0.69]
 [0.   0.   0.   0.   1.  ]]

--- Pragmatic speaker 3: ---
[[1.   0.   0.   0.   0.  ]
 [0.   1.   1.   1.   0.41]
 [0.   0.   0.   0.   0.59]]

--- Pragmatic listener 3: ---
[[1.   0.   0.   0.   0.  ]
 [0.   0.1  0.1  0.1  0.69]
 [0.   0.   0.   0.   1.  ]]

--- Pragmatic speaker 4: ---
[[1.   0.   0.   0.   0.  ]
 [0.   1.   1.   1.   0.41]
 [0.   0.   0.   0.   0.59]]

--- Pragmatic listener 4: ---
[[1.   0.   0.   0.   0.  ]
 [0.   0.11 0.11 0.11 0.68]
 [0.   0.   0.   0.   1.  ]]

--- Pragmatic speaker 5: ---
[[1.   0.   0.   0.   0.  ]
 [0.   1.   1.   1.   0.41]
 [0.   0.   0.   0.   0.59]]

--- Pragmatic listener 5: ---
[[1.   0.   0.   0.   0.  ]
 [0.   0.11 0.11 0.11 0.68]
 [0.   0.   0.   0.   1.  ]]

--- Pragmatic speaker 6: ---
[[1.   0.   0.   0.   0.  ]
 [0.   1.   1.   1.   0.41]
 [0.   0.   0.   0.   0.59]]

--- Pragmatic listener 6: ---
[[1.   0.   0.   0.   0.  ]
 [0.   0.11 0.11 0.11 0.68]
 [0.   0.   0.   0.   1.  ]]

--- Pragmatic speaker 7: ---
[[1.   0.   0.   0.   0.  ]
 [0.   1.   1.   1.   0.41]
 [0.   0.   0.   0.   0.59]]

--- Pragmatic listener 7: ---
[[1.   0.   0.   0.   0.  ]
 [0.   0.11 0.11 0.11 0.68]
 [0.   0.   0.   0.   1.  ]]

--- Pragmatic speaker 8: ---
[[1.   0.   0.   0.   0.  ]
 [0.   1.   1.   1.   0.41]
 [0.   0.   0.   0.   0.59]]

--- Pragmatic listener 8: ---
[[1.   0.   0.   0.   0.  ]
 [0.   0.11 0.11 0.11 0.68]
 [0.   0.   0.   0.   1.  ]]

--- Pragmatic speaker 9: ---
[[1.   0.   0.   0.   0.  ]
 [0.   1.   1.   1.   0.41]
 [0.   0.   0.   0.   0.59]]

--- Pragmatic listener 9: ---
[[1.   0.   0.   0.   0.  ]
 [0.   0.11 0.11 0.11 0.68]
 [0.   0.   0.   0.   1.  ]]

--- Pragmatic speaker 10: ---
[[1.   0.   0.   0.   0.  ]
 [0.   1.   1.   1.   0.41]
 [0.   0.   0.   0.   0.59]]

--- Pragmatic listener 10: ---
[[1.   0.   0.   0.   0.  ]
 [0.   0.11 0.11 0.11 0.68]
 [0.   0.   0.   0.   1.  ]]

