Topic: Classic RSA working: cookies

--- Litteral listener: ---
[[1.   0.   0.   0.   0.  ]
 [0.   0.25 0.25 0.25 0.25]
 [0.   0.   0.   0.   1.  ]]

--- Pragmatic speaker 1: ---
[[1. 0. 0. 0. 0.]
 [0. 1. 1. 1. 0.]
 [0. 0. 0. 0. 1.]]

--- Pragmatic listener 1: ---
[[1.    0.    0.    0.    0.   ]
 [0.    0.333 0.333 0.333 0.   ]
 [0.    0.    0.    0.    1.   ]]

--- Pragmatic speaker 2: ---
[[1. 0. 0. 0. 0.]
 [0. 1. 1. 1. 0.]
 [0. 0. 0. 0. 1.]]

--- Pragmatic listener 2: ---
[[1.    0.    0.    0.    0.   ]
 [0.    0.333 0.333 0.333 0.   ]
 [0.    0.    0.    0.    1.   ]]

--- Pragmatic speaker 3: ---
[[1. 0. 0. 0. 0.]
 [0. 1. 1. 1. 0.]
 [0. 0. 0. 0. 1.]]

--- Pragmatic listener 3: ---
[[1.    0.    0.    0.    0.   ]
 [0.    0.333 0.333 0.333 0.   ]
 [0.    0.    0.    0.    1.   ]]

--- Pragmatic speaker 4: ---
[[1. 0. 0. 0. 0.]
 [0. 1. 1. 1. 0.]
 [0. 0. 0. 0. 1.]]

--- Pragmatic listener 4: ---
[[1.    0.    0.    0.    0.   ]
 [0.    0.333 0.333 0.333 0.   ]
 [0.    0.    0.    0.    1.   ]]

--- Pragmatic speaker 5: ---
[[1. 0. 0. 0. 0.]
 [0. 1. 1. 1. 0.]
 [0. 0. 0. 0. 1.]]

--- Pragmatic listener 5: ---
[[1.    0.    0.    0.    0.   ]
 [0.    0.333 0.333 0.333 0.   ]
 [0.    0.    0.    0.    1.   ]]

--- Pragmatic speaker 6: ---
[[1. 0. 0. 0. 0.]
 [0. 1. 1. 1. 0.]
 [0. 0. 0. 0. 1.]]

--- Pragmatic listener 6: ---
[[1.    0.    0.    0.    0.   ]
 [0.    0.333 0.333 0.333 0.   ]
 [0.    0.    0.    0.    1.   ]]

--- Pragmatic speaker 7: ---
[[1. 0. 0. 0. 0.]
 [0. 1. 1. 1. 0.]
 [0. 0. 0. 0. 1.]]

--- Pragmatic listener 7: ---
[[1.    0.    0.    0.    0.   ]
 [0.    0.333 0.333 0.333 0.   ]
 [0.    0.    0.    0.    1.   ]]

--- Pragmatic speaker 8: ---
[[1. 0. 0. 0. 0.]
 [0. 1. 1. 1. 0.]
 [0. 0. 0. 0. 1.]]

--- Pragmatic listener 8: ---
[[1.    0.    0.    0.    0.   ]
 [0.    0.333 0.333 0.333 0.   ]
 [0.    0.    0.    0.    1.   ]]

--- Pragmatic speaker 9: ---
[[1. 0. 0. 0. 0.]
 [0. 1. 1. 1. 0.]
 [0. 0. 0. 0. 1.]]

--- Pragmatic listener 9: ---
[[1.    0.    0.    0.    0.   ]
 [0.    0.333 0.333 0.333 0.   ]
 [0.    0.    0.    0.    1.   ]]

--- Pragmatic speaker 10: ---
[[1. 0. 0. 0. 0.]
 [0. 1. 1. 1. 0.]
 [0. 0. 0. 0. 1.]]

--- Pragmatic listener 10: ---
[[1.    0.    0.    0.    0.   ]
 [0.    0.333 0.333 0.333 0.   ]
 [0.    0.    0.    0.    1.   ]]

--- Pragmatic speaker 11: ---
[[1. 0. 0. 0. 0.]
 [0. 1. 1. 1. 0.]
 [0. 0. 0. 0. 1.]]

--- Pragmatic listener 11: ---
[[1.    0.    0.    0.    0.   ]
 [0.    0.333 0.333 0.333 0.   ]
 [0.    0.    0.    0.    1.   ]]

--- Pragmatic speaker 12: ---
[[1. 0. 0. 0. 0.]
 [0. 1. 1. 1. 0.]
 [0. 0. 0. 0. 1.]]

--- Pragmatic listener 12: ---
[[1.    0.    0.    0.    0.   ]
 [0.    0.333 0.333 0.333 0.   ]
 [0.    0.    0.    0.    1.   ]]

--- Pragmatic speaker 13: ---
[[1. 0. 0. 0. 0.]
 [0. 1. 1. 1. 0.]
 [0. 0. 0. 0. 1.]]

--- Pragmatic listener 13: ---
[[1.    0.    0.    0.    0.   ]
 [0.    0.333 0.333 0.333 0.   ]
 [0.    0.    0.    0.    1.   ]]

--- Pragmatic speaker 14: ---
[[1. 0. 0. 0. 0.]
 [0. 1. 1. 1. 0.]
 [0. 0. 0. 0. 1.]]

--- Pragmatic listener 14: ---
[[1.    0.    0.    0.    0.   ]
 [0.    0.333 0.333 0.333 0.   ]
 [0.    0.    0.    0.    1.   ]]

--- Pragmatic speaker 15: ---
[[1. 0. 0. 0. 0.]
 [0. 1. 1. 1. 0.]
 [0. 0. 0. 0. 1.]]

--- Pragmatic listener 15: ---
[[1.    0.    0.    0.    0.   ]
 [0.    0.333 0.333 0.333 0.   ]
 [0.    0.    0.    0.    1.   ]]

--- Pragmatic speaker 16: ---
[[1. 0. 0. 0. 0.]
 [0. 1. 1. 1. 0.]
 [0. 0. 0. 0. 1.]]

--- Pragmatic listener 16: ---
[[1.    0.    0.    0.    0.   ]
 [0.    0.333 0.333 0.333 0.   ]
 [0.    0.    0.    0.    1.   ]]

--- Pragmatic speaker 17: ---
[[1. 0. 0. 0. 0.]
 [0. 1. 1. 1. 0.]
 [0. 0. 0. 0. 1.]]

--- Pragmatic listener 17: ---
[[1.    0.    0.    0.    0.   ]
 [0.    0.333 0.333 0.333 0.   ]
 [0.    0.    0.    0.    1.   ]]

--- Pragmatic speaker 18: ---
[[1. 0. 0. 0. 0.]
 [0. 1. 1. 1. 0.]
 [0. 0. 0. 0. 1.]]

--- Pragmatic listener 18: ---
[[1.    0.    0.    0.    0.   ]
 [0.    0.333 0.333 0.333 0.   ]
 [0.    0.    0.    0.    1.   ]]

--- Pragmatic speaker 19: ---
[[1. 0. 0. 0. 0.]
 [0. 1. 1. 1. 0.]
 [0. 0. 0. 0. 1.]]

--- Pragmatic listener 19: ---
[[1.    0.    0.    0.    0.   ]
 [0.    0.333 0.333 0.333 0.   ]
 [0.    0.    0.    0.    1.   ]]

--- Pragmatic speaker 20: ---
[[1. 0. 0. 0. 0.]
 [0. 1. 1. 1. 0.]
 [0. 0. 0. 0. 1.]]

--- Pragmatic listener 20: ---
[[1.    0.    0.    0.    0.   ]
 [0.    0.333 0.333 0.333 0.   ]
 [0.    0.    0.    0.    1.   ]]

--- Pragmatic speaker 21: ---
[[1. 0. 0. 0. 0.]
 [0. 1. 1. 1. 0.]
 [0. 0. 0. 0. 1.]]

--- Pragmatic listener 21: ---
[[1.    0.    0.    0.    0.   ]
 [0.    0.333 0.333 0.333 0.   ]
 [0.    0.    0.    0.    1.   ]]

--- Pragmatic speaker 22: ---
[[1. 0. 0. 0. 0.]
 [0. 1. 1. 1. 0.]
 [0. 0. 0. 0. 1.]]

--- Pragmatic listener 22: ---
[[1.    0.    0.    0.    0.   ]
 [0.    0.333 0.333 0.333 0.   ]
 [0.    0.    0.    0.    1.   ]]

--- Pragmatic speaker 23: ---
[[1. 0. 0. 0. 0.]
 [0. 1. 1. 1. 0.]
 [0. 0. 0. 0. 1.]]

--- Pragmatic listener 23: ---
[[1.    0.    0.    0.    0.   ]
 [0.    0.333 0.333 0.333 0.   ]
 [0.    0.    0.    0.    1.   ]]

--- Pragmatic speaker 24: ---
[[1. 0. 0. 0. 0.]
 [0. 1. 1. 1. 0.]
 [0. 0. 0. 0. 1.]]

--- Pragmatic listener 24: ---
[[1.    0.    0.    0.    0.   ]
 [0.    0.333 0.333 0.333 0.   ]
 [0.    0.    0.    0.    1.   ]]

--- Pragmatic speaker 25: ---
[[1. 0. 0. 0. 0.]
 [0. 1. 1. 1. 0.]
 [0. 0. 0. 0. 1.]]

--- Pragmatic listener 25: ---
[[1.    0.    0.    0.    0.   ]
 [0.    0.333 0.333 0.333 0.   ]
 [0.    0.    0.    0.    1.   ]]

--- Pragmatic speaker 26: ---
[[1. 0. 0. 0. 0.]
 [0. 1. 1. 1. 0.]
 [0. 0. 0. 0. 1.]]

--- Pragmatic listener 26: ---
[[1.    0.    0.    0.    0.   ]
 [0.    0.333 0.333 0.333 0.   ]
 [0.    0.    0.    0.    1.   ]]

--- Pragmatic speaker 27: ---
[[1. 0. 0. 0. 0.]
 [0. 1. 1. 1. 0.]
 [0. 0. 0. 0. 1.]]

--- Pragmatic listener 27: ---
[[1.    0.    0.    0.    0.   ]
 [0.    0.333 0.333 0.333 0.   ]
 [0.    0.    0.    0.    1.   ]]

--- Pragmatic speaker 28: ---
[[1. 0. 0. 0. 0.]
 [0. 1. 1. 1. 0.]
 [0. 0. 0. 0. 1.]]

--- Pragmatic listener 28: ---
[[1.    0.    0.    0.    0.   ]
 [0.    0.333 0.333 0.333 0.   ]
 [0.    0.    0.    0.    1.   ]]

--- Pragmatic speaker 29: ---
[[1. 0. 0. 0. 0.]
 [0. 1. 1. 1. 0.]
 [0. 0. 0. 0. 1.]]

--- Pragmatic listener 29: ---
[[1.    0.    0.    0.    0.   ]
 [0.    0.333 0.333 0.333 0.   ]
 [0.    0.    0.    0.    1.   ]]

--- Pragmatic speaker 30: ---
[[1. 0. 0. 0. 0.]
 [0. 1. 1. 1. 0.]
 [0. 0. 0. 0. 1.]]

--- Pragmatic listener 30: ---
[[1.    0.    0.    0.    0.   ]
 [0.    0.333 0.333 0.333 0.   ]
 [0.    0.    0.    0.    1.   ]]

--- Pragmatic speaker 31: ---
[[1. 0. 0. 0. 0.]
 [0. 1. 1. 1. 0.]
 [0. 0. 0. 0. 1.]]

--- Pragmatic listener 31: ---
[[1.    0.    0.    0.    0.   ]
 [0.    0.333 0.333 0.333 0.   ]
 [0.    0.    0.    0.    1.   ]]

--- Pragmatic speaker 32: ---
[[1. 0. 0. 0. 0.]
 [0. 1. 1. 1. 0.]
 [0. 0. 0. 0. 1.]]

--- Pragmatic listener 32: ---
[[1.    0.    0.    0.    0.   ]
 [0.    0.333 0.333 0.333 0.   ]
 [0.    0.    0.    0.    1.   ]]

--- Pragmatic speaker 33: ---
[[1. 0. 0. 0. 0.]
 [0. 1. 1. 1. 0.]
 [0. 0. 0. 0. 1.]]

--- Pragmatic listener 33: ---
[[1.    0.    0.    0.    0.   ]
 [0.    0.333 0.333 0.333 0.   ]
 [0.    0.    0.    0.    1.   ]]

--- Pragmatic speaker 34: ---
[[1. 0. 0. 0. 0.]
 [0. 1. 1. 1. 0.]
 [0. 0. 0. 0. 1.]]

--- Pragmatic listener 34: ---
[[1.    0.    0.    0.    0.   ]
 [0.    0.333 0.333 0.333 0.   ]
 [0.    0.    0.    0.    1.   ]]

--- Pragmatic speaker 35: ---
[[1. 0. 0. 0. 0.]
 [0. 1. 1. 1. 0.]
 [0. 0. 0. 0. 1.]]

--- Pragmatic listener 35: ---
[[1.    0.    0.    0.    0.   ]
 [0.    0.333 0.333 0.333 0.   ]
 [0.    0.    0.    0.    1.   ]]

--- Pragmatic speaker 36: ---
[[1. 0. 0. 0. 0.]
 [0. 1. 1. 1. 0.]
 [0. 0. 0. 0. 1.]]

--- Pragmatic listener 36: ---
[[1.    0.    0.    0.    0.   ]
 [0.    0.333 0.333 0.333 0.   ]
 [0.    0.    0.    0.    1.   ]]

--- Pragmatic speaker 37: ---
[[1. 0. 0. 0. 0.]
 [0. 1. 1. 1. 0.]
 [0. 0. 0. 0. 1.]]

--- Pragmatic listener 37: ---
[[1.    0.    0.    0.    0.   ]
 [0.    0.333 0.333 0.333 0.   ]
 [0.    0.    0.    0.    1.   ]]

--- Pragmatic speaker 38: ---
[[1. 0. 0. 0. 0.]
 [0. 1. 1. 1. 0.]
 [0. 0. 0. 0. 1.]]

--- Pragmatic listener 38: ---
[[1.    0.    0.    0.    0.   ]
 [0.    0.333 0.333 0.333 0.   ]
 [0.    0.    0.    0.    1.   ]]

--- Pragmatic speaker 39: ---
[[1. 0. 0. 0. 0.]
 [0. 1. 1. 1. 0.]
 [0. 0. 0. 0. 1.]]

--- Pragmatic listener 39: ---
[[1.    0.    0.    0.    0.   ]
 [0.    0.333 0.333 0.333 0.   ]
 [0.    0.    0.    0.    1.   ]]

--- Pragmatic speaker 40: ---
[[1. 0. 0. 0. 0.]
 [0. 1. 1. 1. 0.]
 [0. 0. 0. 0. 1.]]

--- Pragmatic listener 40: ---
[[1.    0.    0.    0.    0.   ]
 [0.    0.333 0.333 0.333 0.   ]
 [0.    0.    0.    0.    1.   ]]

--- Pragmatic speaker 41: ---
[[1. 0. 0. 0. 0.]
 [0. 1. 1. 1. 0.]
 [0. 0. 0. 0. 1.]]

--- Pragmatic listener 41: ---
[[1.    0.    0.    0.    0.   ]
 [0.    0.333 0.333 0.333 0.   ]
 [0.    0.    0.    0.    1.   ]]

--- Pragmatic speaker 42: ---
[[1. 0. 0. 0. 0.]
 [0. 1. 1. 1. 0.]
 [0. 0. 0. 0. 1.]]

--- Pragmatic listener 42: ---
[[1.    0.    0.    0.    0.   ]
 [0.    0.333 0.333 0.333 0.   ]
 [0.    0.    0.    0.    1.   ]]

--- Pragmatic speaker 43: ---
[[1. 0. 0. 0. 0.]
 [0. 1. 1. 1. 0.]
 [0. 0. 0. 0. 1.]]

--- Pragmatic listener 43: ---
[[1.    0.    0.    0.    0.   ]
 [0.    0.333 0.333 0.333 0.   ]
 [0.    0.    0.    0.    1.   ]]

--- Pragmatic speaker 44: ---
[[1. 0. 0. 0. 0.]
 [0. 1. 1. 1. 0.]
 [0. 0. 0. 0. 1.]]

--- Pragmatic listener 44: ---
[[1.    0.    0.    0.    0.   ]
 [0.    0.333 0.333 0.333 0.   ]
 [0.    0.    0.    0.    1.   ]]

--- Pragmatic speaker 45: ---
[[1. 0. 0. 0. 0.]
 [0. 1. 1. 1. 0.]
 [0. 0. 0. 0. 1.]]

--- Pragmatic listener 45: ---
[[1.    0.    0.    0.    0.   ]
 [0.    0.333 0.333 0.333 0.   ]
 [0.    0.    0.    0.    1.   ]]

--- Pragmatic speaker 46: ---
[[1. 0. 0. 0. 0.]
 [0. 1. 1. 1. 0.]
 [0. 0. 0. 0. 1.]]

--- Pragmatic listener 46: ---
[[1.    0.    0.    0.    0.   ]
 [0.    0.333 0.333 0.333 0.   ]
 [0.    0.    0.    0.    1.   ]]

--- Pragmatic speaker 47: ---
[[1. 0. 0. 0. 0.]
 [0. 1. 1. 1. 0.]
 [0. 0. 0. 0. 1.]]

--- Pragmatic listener 47: ---
[[1.    0.    0.    0.    0.   ]
 [0.    0.333 0.333 0.333 0.   ]
 [0.    0.    0.    0.    1.   ]]

--- Pragmatic speaker 48: ---
[[1. 0. 0. 0. 0.]
 [0. 1. 1. 1. 0.]
 [0. 0. 0. 0. 1.]]

--- Pragmatic listener 48: ---
[[1.    0.    0.    0.    0.   ]
 [0.    0.333 0.333 0.333 0.   ]
 [0.    0.    0.    0.    1.   ]]

--- Pragmatic speaker 49: ---
[[1. 0. 0. 0. 0.]
 [0. 1. 1. 1. 0.]
 [0. 0. 0. 0. 1.]]

--- Pragmatic listener 49: ---
[[1.    0.    0.    0.    0.   ]
 [0.    0.333 0.333 0.333 0.   ]
 [0.    0.    0.    0.    1.   ]]

--- Pragmatic speaker 50: ---
[[1. 0. 0. 0. 0.]
 [0. 1. 1. 1. 0.]
 [0. 0. 0. 0. 1.]]

--- Pragmatic listener 50: ---
[[1.    0.    0.    0.    0.   ]
 [0.    0.333 0.333 0.333 0.   ]
 [0.    0.    0.    0.    1.   ]]

--- Pragmatic speaker 51: ---
[[1. 0. 0. 0. 0.]
 [0. 1. 1. 1. 0.]
 [0. 0. 0. 0. 1.]]

--- Pragmatic listener 51: ---
[[1.    0.    0.    0.    0.   ]
 [0.    0.333 0.333 0.333 0.   ]
 [0.    0.    0.    0.    1.   ]]

--- Pragmatic speaker 52: ---
[[1. 0. 0. 0. 0.]
 [0. 1. 1. 1. 0.]
 [0. 0. 0. 0. 1.]]

--- Pragmatic listener 52: ---
[[1.    0.    0.    0.    0.   ]
 [0.    0.333 0.333 0.333 0.   ]
 [0.    0.    0.    0.    1.   ]]

--- Pragmatic speaker 53: ---
[[1. 0. 0. 0. 0.]
 [0. 1. 1. 1. 0.]
 [0. 0. 0. 0. 1.]]

--- Pragmatic listener 53: ---
[[1.    0.    0.    0.    0.   ]
 [0.    0.333 0.333 0.333 0.   ]
 [0.    0.    0.    0.    1.   ]]

--- Pragmatic speaker 54: ---
[[1. 0. 0. 0. 0.]
 [0. 1. 1. 1. 0.]
 [0. 0. 0. 0. 1.]]

--- Pragmatic listener 54: ---
[[1.    0.    0.    0.    0.   ]
 [0.    0.333 0.333 0.333 0.   ]
 [0.    0.    0.    0.    1.   ]]

--- Pragmatic speaker 55: ---
[[1. 0. 0. 0. 0.]
 [0. 1. 1. 1. 0.]
 [0. 0. 0. 0. 1.]]

--- Pragmatic listener 55: ---
[[1.    0.    0.    0.    0.   ]
 [0.    0.333 0.333 0.333 0.   ]
 [0.    0.    0.    0.    1.   ]]

--- Pragmatic speaker 56: ---
[[1. 0. 0. 0. 0.]
 [0. 1. 1. 1. 0.]
 [0. 0. 0. 0. 1.]]

--- Pragmatic listener 56: ---
[[1.    0.    0.    0.    0.   ]
 [0.    0.333 0.333 0.333 0.   ]
 [0.    0.    0.    0.    1.   ]]

--- Pragmatic speaker 57: ---
[[1. 0. 0. 0. 0.]
 [0. 1. 1. 1. 0.]
 [0. 0. 0. 0. 1.]]

--- Pragmatic listener 57: ---
[[1.    0.    0.    0.    0.   ]
 [0.    0.333 0.333 0.333 0.   ]
 [0.    0.    0.    0.    1.   ]]

--- Pragmatic speaker 58: ---
[[1. 0. 0. 0. 0.]
 [0. 1. 1. 1. 0.]
 [0. 0. 0. 0. 1.]]

--- Pragmatic listener 58: ---
[[1.    0.    0.    0.    0.   ]
 [0.    0.333 0.333 0.333 0.   ]
 [0.    0.    0.    0.    1.   ]]

--- Pragmatic speaker 59: ---
[[1. 0. 0. 0. 0.]
 [0. 1. 1. 1. 0.]
 [0. 0. 0. 0. 1.]]

--- Pragmatic listener 59: ---
[[1.    0.    0.    0.    0.   ]
 [0.    0.333 0.333 0.333 0.   ]
 [0.    0.    0.    0.    1.   ]]

--- Pragmatic speaker 60: ---
[[1. 0. 0. 0. 0.]
 [0. 1. 1. 1. 0.]
 [0. 0. 0. 0. 1.]]

--- Pragmatic listener 60: ---
[[1.    0.    0.    0.    0.   ]
 [0.    0.333 0.333 0.333 0.   ]
 [0.    0.    0.    0.    1.   ]]

--- Pragmatic speaker 61: ---
[[1. 0. 0. 0. 0.]
 [0. 1. 1. 1. 0.]
 [0. 0. 0. 0. 1.]]

--- Pragmatic listener 61: ---
[[1.    0.    0.    0.    0.   ]
 [0.    0.333 0.333 0.333 0.   ]
 [0.    0.    0.    0.    1.   ]]

--- Pragmatic speaker 62: ---
[[1. 0. 0. 0. 0.]
 [0. 1. 1. 1. 0.]
 [0. 0. 0. 0. 1.]]

--- Pragmatic listener 62: ---
[[1.    0.    0.    0.    0.   ]
 [0.    0.333 0.333 0.333 0.   ]
 [0.    0.    0.    0.    1.   ]]

--- Pragmatic speaker 63: ---
[[1. 0. 0. 0. 0.]
 [0. 1. 1. 1. 0.]
 [0. 0. 0. 0. 1.]]

--- Pragmatic listener 63: ---
[[1.    0.    0.    0.    0.   ]
 [0.    0.333 0.333 0.333 0.   ]
 [0.    0.    0.    0.    1.   ]]

--- Pragmatic speaker 64: ---
[[1. 0. 0. 0. 0.]
 [0. 1. 1. 1. 0.]
 [0. 0. 0. 0. 1.]]

--- Pragmatic listener 64: ---
[[1.    0.    0.    0.    0.   ]
 [0.    0.333 0.333 0.333 0.   ]
 [0.    0.    0.    0.    1.   ]]

--- Pragmatic speaker 65: ---
[[1. 0. 0. 0. 0.]
 [0. 1. 1. 1. 0.]
 [0. 0. 0. 0. 1.]]

--- Pragmatic listener 65: ---
[[1.    0.    0.    0.    0.   ]
 [0.    0.333 0.333 0.333 0.   ]
 [0.    0.    0.    0.    1.   ]]

--- Pragmatic speaker 66: ---
[[1. 0. 0. 0. 0.]
 [0. 1. 1. 1. 0.]
 [0. 0. 0. 0. 1.]]

--- Pragmatic listener 66: ---
[[1.    0.    0.    0.    0.   ]
 [0.    0.333 0.333 0.333 0.   ]
 [0.    0.    0.    0.    1.   ]]

--- Pragmatic speaker 67: ---
[[1. 0. 0. 0. 0.]
 [0. 1. 1. 1. 0.]
 [0. 0. 0. 0. 1.]]

--- Pragmatic listener 67: ---
[[1.    0.    0.    0.    0.   ]
 [0.    0.333 0.333 0.333 0.   ]
 [0.    0.    0.    0.    1.   ]]

--- Pragmatic speaker 68: ---
[[1. 0. 0. 0. 0.]
 [0. 1. 1. 1. 0.]
 [0. 0. 0. 0. 1.]]

--- Pragmatic listener 68: ---
[[1.    0.    0.    0.    0.   ]
 [0.    0.333 0.333 0.333 0.   ]
 [0.    0.    0.    0.    1.   ]]

--- Pragmatic speaker 69: ---
[[1. 0. 0. 0. 0.]
 [0. 1. 1. 1. 0.]
 [0. 0. 0. 0. 1.]]

--- Pragmatic listener 69: ---
[[1.    0.    0.    0.    0.   ]
 [0.    0.333 0.333 0.333 0.   ]
 [0.    0.    0.    0.    1.   ]]

--- Pragmatic speaker 70: ---
[[1. 0. 0. 0. 0.]
 [0. 1. 1. 1. 0.]
 [0. 0. 0. 0. 1.]]

--- Pragmatic listener 70: ---
[[1.    0.    0.    0.    0.   ]
 [0.    0.333 0.333 0.333 0.   ]
 [0.    0.    0.    0.    1.   ]]

--- Pragmatic speaker 71: ---
[[1. 0. 0. 0. 0.]
 [0. 1. 1. 1. 0.]
 [0. 0. 0. 0. 1.]]

--- Pragmatic listener 71: ---
[[1.    0.    0.    0.    0.   ]
 [0.    0.333 0.333 0.333 0.   ]
 [0.    0.    0.    0.    1.   ]]

--- Pragmatic speaker 72: ---
[[1. 0. 0. 0. 0.]
 [0. 1. 1. 1. 0.]
 [0. 0. 0. 0. 1.]]

--- Pragmatic listener 72: ---
[[1.    0.    0.    0.    0.   ]
 [0.    0.333 0.333 0.333 0.   ]
 [0.    0.    0.    0.    1.   ]]

--- Pragmatic speaker 73: ---
[[1. 0. 0. 0. 0.]
 [0. 1. 1. 1. 0.]
 [0. 0. 0. 0. 1.]]

--- Pragmatic listener 73: ---
[[1.    0.    0.    0.    0.   ]
 [0.    0.333 0.333 0.333 0.   ]
 [0.    0.    0.    0.    1.   ]]

--- Pragmatic speaker 74: ---
[[1. 0. 0. 0. 0.]
 [0. 1. 1. 1. 0.]
 [0. 0. 0. 0. 1.]]

--- Pragmatic listener 74: ---
[[1.    0.    0.    0.    0.   ]
 [0.    0.333 0.333 0.333 0.   ]
 [0.    0.    0.    0.    1.   ]]

--- Pragmatic speaker 75: ---
[[1. 0. 0. 0. 0.]
 [0. 1. 1. 1. 0.]
 [0. 0. 0. 0. 1.]]

--- Pragmatic listener 75: ---
[[1.    0.    0.    0.    0.   ]
 [0.    0.333 0.333 0.333 0.   ]
 [0.    0.    0.    0.    1.   ]]

--- Pragmatic speaker 76: ---
[[1. 0. 0. 0. 0.]
 [0. 1. 1. 1. 0.]
 [0. 0. 0. 0. 1.]]

--- Pragmatic listener 76: ---
[[1.    0.    0.    0.    0.   ]
 [0.    0.333 0.333 0.333 0.   ]
 [0.    0.    0.    0.    1.   ]]

--- Pragmatic speaker 77: ---
[[1. 0. 0. 0. 0.]
 [0. 1. 1. 1. 0.]
 [0. 0. 0. 0. 1.]]

--- Pragmatic listener 77: ---
[[1.    0.    0.    0.    0.   ]
 [0.    0.333 0.333 0.333 0.   ]
 [0.    0.    0.    0.    1.   ]]

--- Pragmatic speaker 78: ---
[[1. 0. 0. 0. 0.]
 [0. 1. 1. 1. 0.]
 [0. 0. 0. 0. 1.]]

--- Pragmatic listener 78: ---
[[1.    0.    0.    0.    0.   ]
 [0.    0.333 0.333 0.333 0.   ]
 [0.    0.    0.    0.    1.   ]]

--- Pragmatic speaker 79: ---
[[1. 0. 0. 0. 0.]
 [0. 1. 1. 1. 0.]
 [0. 0. 0. 0. 1.]]

--- Pragmatic listener 79: ---
[[1.    0.    0.    0.    0.   ]
 [0.    0.333 0.333 0.333 0.   ]
 [0.    0.    0.    0.    1.   ]]

--- Pragmatic speaker 80: ---
[[1. 0. 0. 0. 0.]
 [0. 1. 1. 1. 0.]
 [0. 0. 0. 0. 1.]]

--- Pragmatic listener 80: ---
[[1.    0.    0.    0.    0.   ]
 [0.    0.333 0.333 0.333 0.   ]
 [0.    0.    0.    0.    1.   ]]

--- Pragmatic speaker 81: ---
[[1. 0. 0. 0. 0.]
 [0. 1. 1. 1. 0.]
 [0. 0. 0. 0. 1.]]

--- Pragmatic listener 81: ---
[[1.    0.    0.    0.    0.   ]
 [0.    0.333 0.333 0.333 0.   ]
 [0.    0.    0.    0.    1.   ]]

--- Pragmatic speaker 82: ---
[[1. 0. 0. 0. 0.]
 [0. 1. 1. 1. 0.]
 [0. 0. 0. 0. 1.]]

--- Pragmatic listener 82: ---
[[1.    0.    0.    0.    0.   ]
 [0.    0.333 0.333 0.333 0.   ]
 [0.    0.    0.    0.    1.   ]]

--- Pragmatic speaker 83: ---
[[1. 0. 0. 0. 0.]
 [0. 1. 1. 1. 0.]
 [0. 0. 0. 0. 1.]]

--- Pragmatic listener 83: ---
[[1.    0.    0.    0.    0.   ]
 [0.    0.333 0.333 0.333 0.   ]
 [0.    0.    0.    0.    1.   ]]

--- Pragmatic speaker 84: ---
[[1. 0. 0. 0. 0.]
 [0. 1. 1. 1. 0.]
 [0. 0. 0. 0. 1.]]

--- Pragmatic listener 84: ---
[[1.    0.    0.    0.    0.   ]
 [0.    0.333 0.333 0.333 0.   ]
 [0.    0.    0.    0.    1.   ]]

--- Pragmatic speaker 85: ---
[[1. 0. 0. 0. 0.]
 [0. 1. 1. 1. 0.]
 [0. 0. 0. 0. 1.]]

--- Pragmatic listener 85: ---
[[1.    0.    0.    0.    0.   ]
 [0.    0.333 0.333 0.333 0.   ]
 [0.    0.    0.    0.    1.   ]]

--- Pragmatic speaker 86: ---
[[1. 0. 0. 0. 0.]
 [0. 1. 1. 1. 0.]
 [0. 0. 0. 0. 1.]]

--- Pragmatic listener 86: ---
[[1.    0.    0.    0.    0.   ]
 [0.    0.333 0.333 0.333 0.   ]
 [0.    0.    0.    0.    1.   ]]

--- Pragmatic speaker 87: ---
[[1. 0. 0. 0. 0.]
 [0. 1. 1. 1. 0.]
 [0. 0. 0. 0. 1.]]

--- Pragmatic listener 87: ---
[[1.    0.    0.    0.    0.   ]
 [0.    0.333 0.333 0.333 0.   ]
 [0.    0.    0.    0.    1.   ]]

--- Pragmatic speaker 88: ---
[[1. 0. 0. 0. 0.]
 [0. 1. 1. 1. 0.]
 [0. 0. 0. 0. 1.]]

--- Pragmatic listener 88: ---
[[1.    0.    0.    0.    0.   ]
 [0.    0.333 0.333 0.333 0.   ]
 [0.    0.    0.    0.    1.   ]]

--- Pragmatic speaker 89: ---
[[1. 0. 0. 0. 0.]
 [0. 1. 1. 1. 0.]
 [0. 0. 0. 0. 1.]]

--- Pragmatic listener 89: ---
[[1.    0.    0.    0.    0.   ]
 [0.    0.333 0.333 0.333 0.   ]
 [0.    0.    0.    0.    1.   ]]

--- Pragmatic speaker 90: ---
[[1. 0. 0. 0. 0.]
 [0. 1. 1. 1. 0.]
 [0. 0. 0. 0. 1.]]

--- Pragmatic listener 90: ---
[[1.    0.    0.    0.    0.   ]
 [0.    0.333 0.333 0.333 0.   ]
 [0.    0.    0.    0.    1.   ]]

--- Pragmatic speaker 91: ---
[[1. 0. 0. 0. 0.]
 [0. 1. 1. 1. 0.]
 [0. 0. 0. 0. 1.]]

--- Pragmatic listener 91: ---
[[1.    0.    0.    0.    0.   ]
 [0.    0.333 0.333 0.333 0.   ]
 [0.    0.    0.    0.    1.   ]]

--- Pragmatic speaker 92: ---
[[1. 0. 0. 0. 0.]
 [0. 1. 1. 1. 0.]
 [0. 0. 0. 0. 1.]]

--- Pragmatic listener 92: ---
[[1.    0.    0.    0.    0.   ]
 [0.    0.333 0.333 0.333 0.   ]
 [0.    0.    0.    0.    1.   ]]

--- Pragmatic speaker 93: ---
[[1. 0. 0. 0. 0.]
 [0. 1. 1. 1. 0.]
 [0. 0. 0. 0. 1.]]

--- Pragmatic listener 93: ---
[[1.    0.    0.    0.    0.   ]
 [0.    0.333 0.333 0.333 0.   ]
 [0.    0.    0.    0.    1.   ]]

--- Pragmatic speaker 94: ---
[[1. 0. 0. 0. 0.]
 [0. 1. 1. 1. 0.]
 [0. 0. 0. 0. 1.]]

--- Pragmatic listener 94: ---
[[1.    0.    0.    0.    0.   ]
 [0.    0.333 0.333 0.333 0.   ]
 [0.    0.    0.    0.    1.   ]]

--- Pragmatic speaker 95: ---
[[1. 0. 0. 0. 0.]
 [0. 1. 1. 1. 0.]
 [0. 0. 0. 0. 1.]]

--- Pragmatic listener 95: ---
[[1.    0.    0.    0.    0.   ]
 [0.    0.333 0.333 0.333 0.   ]
 [0.    0.    0.    0.    1.   ]]

--- Pragmatic speaker 96: ---
[[1. 0. 0. 0. 0.]
 [0. 1. 1. 1. 0.]
 [0. 0. 0. 0. 1.]]

--- Pragmatic listener 96: ---
[[1.    0.    0.    0.    0.   ]
 [0.    0.333 0.333 0.333 0.   ]
 [0.    0.    0.    0.    1.   ]]

--- Pragmatic speaker 97: ---
[[1. 0. 0. 0. 0.]
 [0. 1. 1. 1. 0.]
 [0. 0. 0. 0. 1.]]

--- Pragmatic listener 97: ---
[[1.    0.    0.    0.    0.   ]
 [0.    0.333 0.333 0.333 0.   ]
 [0.    0.    0.    0.    1.   ]]

--- Pragmatic speaker 98: ---
[[1. 0. 0. 0. 0.]
 [0. 1. 1. 1. 0.]
 [0. 0. 0. 0. 1.]]

--- Pragmatic listener 98: ---
[[1.    0.    0.    0.    0.   ]
 [0.    0.333 0.333 0.333 0.   ]
 [0.    0.    0.    0.    1.   ]]

--- Pragmatic speaker 99: ---
[[1. 0. 0. 0. 0.]
 [0. 1. 1. 1. 0.]
 [0. 0. 0. 0. 1.]]

--- Pragmatic listener 99: ---
[[1.    0.    0.    0.    0.   ]
 [0.    0.333 0.333 0.333 0.   ]
 [0.    0.    0.    0.    1.   ]]

--- Pragmatic speaker 100: ---
[[1. 0. 0. 0. 0.]
 [0. 1. 1. 1. 0.]
 [0. 0. 0. 0. 1.]]

--- Pragmatic listener 100: ---
[[1.    0.    0.    0.    0.   ]
 [0.    0.333 0.333 0.333 0.   ]
 [0.    0.    0.    0.    1.   ]]

